		S0005	S0026	S0090	S0155	S0228	SW240	SW830	SW857	SWR1941	SW2410
B050	1	204	92	246	146	0	90	182	152	206	118
B050	1	216	94	250	158	0	90	182	152	224	126
B051	1	204	92	242	142	0	90	178	156	206	118
B051	1	240	94	246	154	0	90	186	158	216	118
B053	1	218	92	242	154	0	94	172	152	216	104
B053	1	246	98	246	156	0	94	184	160	220	104
B055	1	240	96	244	152	0	92	178	150	216	104
B055	1	240	104	246	158	0	116	182	150	216	114
B056	1	218	92	246	154	0	90	172	150	218	104
B056	1	246	98	252	156	0	94	182	160	220	104
B060	1	204	90	246	146	0	90	182	152	224	118
B060	1	216	92	250	158	0	90	182	152	224	126
B062	1	218	94	244	154	222	94	172	150	218	104
B062	1	244	98	252	154	222	94	182	160	220	130
B066	1	204	94	244	156	218	92	178	142	206	104
B066	1	218	94	246	164	222	114	184	152	206	104
B068	1	204	92	242	158	224	90	182	152	206	118
B068	1	216	94	246	164	234	116	182	152	224	118
B074	1	204	92	246	146	222	114	182	152	206	118
B074	1	238	92	250	158	224	114	184	152	224	126
B079	1	204	92	244	164	218	94	178	152	206	104
B079	1	218	92	246	164	236	116	178	152	206	104
B081	1	218	92	242	154	222	94	172	150	218	104
B081	1	244	98	246	156	240	94	182	160	220	130
B094	1	240	96	244	152	240	108	178	142	216	114
B094	1	240	104	246	158	246	116	178	150	216	118
B099	1	204	88	242	156	222	90	182	150	206	118
B099	1	204	94	244	158	246	102	182	152	224	118
B297	1	204	92	246	146	222	114	182	152	206	118
B297	1	216	94	250	164	234	116	182	152	224	118
B299	1	204	92	246	146	224	90	182	152	224	118
B299	1	204	94	250	164	234	116	182	152	224	126
B300	1	204	92	250	158	224	114	182	152	206	118
B300	1	216	92	250	158	234	116	182	156	224	126
B601	1	218	92	242	154	218	90	172	152	206	104
B601	1	234	94	246	164	222	114	184	158	220	130
B602	1	204	92	246	158	224	90	184	152	206	118
B602	1	216	92	250	158	224	114	184	156	224	126
B603	1	204	92	246	146	224	90	178	152	220	118
B603	1	204	92	246	164	246	90	186	156	220	118
B604	1	204	94	246	164	224	114	182	152	206	118
B604	1	204	94	246	164	236	116	182	152	224	118
B607	1	204	92	246	154	222	94	172	150	206	104
B607	1	218	94	246	164	240	114	184	152	220	130
K005	2	204	92	242	146	218	90	186	152	216	104
K005	2	236	94	246	164	224	90	186	152	218	118
K011	2	212	92	244	146	222	94	178	150	206	104
K011	2	246	92	248	152	240	94	200	156	216	122
K016	2	204	92	246	152	224	90	182	142	206	118
K016	2	204	92	246	158	240	94	182	146	218	122
K024	2	204	92	246	156	222	90	182	142	206	118
K024	2	204	92	246	156	238	90	182	152	220	118
K028	2	204	92	248	158	218	90	182	152	206	116
K028	2	204	92	252	164	234	114	182	156	218	118
K031	2	204	92	230	156	236	90	182	142	0	122
K031	2	246	92	230	164	238	116	186	152	0	130
K032	2	204	92	242	160	240	90	178	158	206	118
K032	2	204	92	242	160	246	90	178	158	206	120
K034	2	238	92	242	158	218	90	178	152	206	104
K034	2	244	94	242	160	246	90	182	158	206	122
K038	2	204	92	246	164	236	90	182	152	206	118
K038	2	242	92	246	164	246	90	200	156	216	122
K040	2	204	92	246	164	218	90	172	142	216	104
K040	2	204	96	248	164	240	116	182	158	220	122
K043	2	204	92	246	160	224	90	182	142	220	120
K043	2	204	96	248	164	238	90	182	156	224	122
K044	2	204	92	246	158	246	90	186	150	206	118
K044	2	204	94	246	164	248	92	200	152	206	120
K046	2	204	92	246	158	218	90	178	152	206	118
K046	2	256	92	246	158	236	98	186	152	212	120
K113	2	204	92	242	164	224	90	178	152	206	122
K113	2	212	92	244	164	242	90	182	156	206	122
K117	2	204	92	246	146	228	90	178	142	206	104
K117	2	208	92	246	164	246	106	182	152	216	114
K119	2	204	92	246	158	224	90	182	150	206	120
K119	2	204	94	246	158	236	98	200	156	206	130
K122	2	204	92	246	156	218	90	184	152	206	104
K122	2	244	92	246	164	224	114	184	152	206	104
K124	2	204	92	246	158	222	102	182	146	206	104
K124	2	204	92	248	158	242	112	186	148	220	118
K127	2	204	92	246	158	222	94	182	150	206	104
K127	2	244	92	248	164	228	108	182	156	206	120
K128	2	204	92	242	164	218	90	172	142	216	104
K128	2	204	96	248	164	244	114	182	156	220	122
K129	2	204	92	230	158	224	90	182	152	206	122
K129	2	204	92	246	164	240	90	184	152	206	124
K130	2	204	92	246	158	224	90	0	154	206	120
K130	2	204	92	252	158	228	110	0	156	206	130
K132	2	236	92	244	154	240	92	182	142	204	104
K132	2	238	98	246	164	244	92	184	152	206	120
K135	2	204	88	246	158	224	114	182	152	206	120
K135	2	204	92	246	158	224	114	182	154	206	122
K136	2	204	92	246	158	240	90	178	152	206	118
K136	2	212	92	246	160	246	90	178	158	206	122
K137	2	204	92	242	156	244	90	182	152	206	122
K137	2	204	92	246	164	246	114	188	158	206	122
K138	2	204	92	246	156	244	94	178	152	206	104
K138	2	204	92	246	158	246	114	188	156	220	122
I255	3	216	92	246	150	238	90	176	152	220	104
I255	3	270	98	248	154	240	108	182	158	220	120
I256	3	204	92	244	150	240	90	176	152	206	104
I256	3	216	92	248	154	246	108	178	152	220	126
I257	3	246	92	246	150	222	90	176	152	206	104
I257	3	270	94	248	154	240	108	178	158	224	126
I258	3	204	92	246	164	222	90	178	152	206	104
I258	3	238	92	246	164	240	106	186	158	216	120
I259	3	204	92	242	156	222	90	176	150	206	104
I259	3	242	94	246	156	240	90	178	158	218	122
I260	3	204	92	246	164	218	90	182	158	206	92
I260	3	244	94	248	164	228	102	182	160	220	122
I261	3	204	92	244	154	240	90	176	152	206	120
I261	3	204	92	246	164	246	90	178	158	220	126
I262	3	204	92	246	150	236	90	182	152	206	118
I262	3	204	92	246	158	246	116	200	156	206	118
I263	3	204	92	246	142	222	90	178	146	206	120
I263	3	204	92	246	158	228	102	182	152	206	120
I264	3	216	94	242	142	222	102	178	152	206	104
I264	3	238	96	248	150	222	108	200	156	224	118
I265	3	204	92	244	158	222	90	176	152	206	114
I265	3	244	98	248	164	240	102	200	158	224	126
I266	3	242	92	246	150	238	94	178	142	220	104
I266	3	244	98	246	154	240	124	200	158	224	122
I267	3	242	92	246	154	222	102	176	142	220	104
I267	3	244	92	246	158	240	124	178	146	224	104
I268	3	204	92	244	150	238	94	178	142	220	122
I268	3	222	94	246	154	240	118	182	158	224	126
I269	3	242	92	246	154	240	90	176	158	220	104
I269	3	244	92	248	158	246	102	182	158	224	126
I270	3	204	92	244	154	222	94	176	152	218	120
I270	3	204	102	244	156	240	124	182	152	224	122
I272	3	244	88	244	154	222	90	178	152	206	118
I272	3	244	92	246	166	224	94	182	156	224	118
I273	3	204	92	242	160	222	90	178	152	206	104
I273	3	204	102	244	164	222	94	178	152	218	120
I281	3	244	92	246	150	222	94	178	152	206	118
I281	3	244	94	248	150	240	102	200	158	220	122
I288	3	244	92	244	164	228	90	182	152	206	114
I288	3	244	92	248	164	240	102	200	158	224	122
I289	3	216	92	242	142	222	102	178	146	220	104
I289	3	244	94	246	154	222	108	178	156	224	118
I290	3	204	92	246	164	218	102	182	156	206	92
I290	3	244	94	248	164	240	124	182	158	206	118
I293	3	244	92	246	142	222	102	178	142	224	104
I293	3	244	96	248	158	222	124	200	152	224	118
Q401	4	218	92	250	148	222	94	178	152	206	104
Q401	4	244	98	250	154	228	94	182	158	216	104
Q402	4	218	92	244	150	218	94	182	152	216	104
Q402	4	244	96	248	154	222	108	186	158	224	104
Q403	4	218	92	244	146	222	92	178	146	206	104
Q403	4	218	98	244	156	222	94	182	150	206	114
Q404	4	218	92	244	148	218	92	178	152	206	104
Q404	4	244	98	250	154	222	94	182	158	206	114
Q405	4	218	92	250	148	222	94	178	152	206	104
Q405	4	244	98	250	154	228	94	178	158	216	114
Q406	4	204	92	244	146	222	94	178	152	206	104
Q406	4	244	92	244	154	222	110	182	152	216	114
Q407	4	216	92	242	146	222	90	178	146	206	104
Q407	4	244	92	250	158	242	94	178	152	216	104
Q408	4	234	92	244	156	234	90	178	150	206	114
Q408	4	238	92	244	156	234	90	182	156	220	120
Q409	4	204	92	244	154	222	92	182	156	220	104
Q409	4	204	92	244	158	222	120	184	156	220	106
Q410	4	204	92	250	150	218	90	176	150	206	100
Q410	4	204	92	250	164	222	120	178	160	224	104
Q411	4	236	94	246	158	220	106	176	152	206	100
Q411	4	244	98	246	158	222	110	204	158	210	120
Q412	4	234	94	244	154	222	90	176	142	206	104
Q412	4	236	98	244	158	238	114	186	158	216	120
Q415	4	236	92	242	156	222	94	178	152	220	104
Q415	4	244	92	250	158	222	120	178	152	224	104
Q416	4	218	98	244	148	222	94	178	150	206	104
Q416	4	218	98	250	156	228	94	178	158	220	104
Q417	4	204	92	244	158	222	90	178	154	206	104
Q417	4	234	98	246	158	222	94	182	156	206	122
Q426	4	218	92	244	154	222	94	178	146	206	104
Q426	4	244	98	250	156	228	94	182	158	216	104
Q460	4	232	92	246	154	236	90	182	150	206	118
Q460	4	260	92	246	158	246	90	186	150	220	118
Q461	4	244	92	244	158	222	94	178	156	206	104
Q461	4	248	92	250	158	222	94	178	158	216	104
Q465	4	204	92	244	154	218	94	178	152	206	100
Q465	4	244	92	250	164	222	120	182	160	224	104
Q474	4	216	92	244	158	222	94	178	146	216	104
Q474	4	252	92	250	158	222	94	234	150	218	104
Q475	4	204	92	244	158	222	92	178	152	0	104
Q475	4	204	98	244	158	240	120	184	156	0	122
Q478	4	218	92	244	146	222	94	178	146	206	104
Q478	4	218	98	244	156	222	94	182	150	206	114
Q483	4	218	92	250	148	222	94	178	152	206	104
Q483	4	244	98	250	154	228	94	182	158	216	104
Q484	4	204	92	244	156	218	90	178	154	216	104
Q484	4	238	94	246	158	222	94	178	158	224	114
Q488	4	204	92	242	146	222	94	178	152	206	104
Q488	4	244	96	250	158	222	110	182	152	216	104
M202	5	204	92	242	154	220	92	178	152	216	104
M202	5	232	92	242	158	224	94	178	154	224	104
M205	5	204	92	244	154	222	90	178	156	204	120
M205	5	252	98	244	158	242	92	178	156	206	120
M207	5	234	92	242	146	222	108	176	156	206	104
M207	5	246	98	246	154	236	110	178	156	216	114
M211	5	232	92	242	158	222	94	178	138	218	104
M211	5	232	98	248	164	236	94	184	156	220	120
M212	5	232	92	242	158	220	94	176	138	218	104
M212	5	244	98	248	164	222	94	182	150	220	120
M213	5	244	98	244	146	218	92	168	150	218	104
M213	5	246	98	246	154	228	94	182	154	224	120
M222	5	242	92	242	150	222	94	178	142	216	120
M222	5	244	96	246	156	246	108	178	150	220	130
M223	5	204	92	244	158	218	90	178	150	216	104
M223	5	236	92	248	158	234	94	178	158	224	104
M226	5	218	94	244	146	222	94	184	156	206	118
M226	5	238	94	246	158	224	94	234	160	216	118
M227	5	204	92	242	154	234	94	168	152	206	104
M227	5	254	94	244	168	236	108	234	152	206	120
M228	5	204	92	246	150	224	94	184	150	218	104
M228	5	204	94	254	154	234	94	184	160	220	104
M229	5	204	92	244	158	0	90	168	156	206	104
M229	5	204	92	248	168	0	108	234	158	206	120
M230	5	244	94	244	154	0	94	168	142	0	104
M230	5	244	94	250	156	0	110	178	150	0	126
M231	5	204	92	244	156	0	92	178	142	218	104
M231	5	246	98	252	158	0	94	186	156	220	104
M232	5	206	92	244	150	0	90	178	142	220	104
M232	5	240	98	248	154	0	106	188	146	220	104
M233	5	204	92	248	156	222	90	178	142	206	100
M233	5	244	92	250	158	228	94	178	156	220	104
M234	5	236	96	244	150	224	94	182	138	206	114
M234	5	244	98	248	156	246	94	188	156	224	120
M236	5	236	96	244	150	224	94	182	138	206	114
M236	5	244	98	244	156	246	94	188	156	224	120
M237	5	204	92	244	150	222	94	178	138	220	104
M237	5	244	106	250	150	246	108	178	150	224	104
M238	5	234	92	244	150	222	94	178	142	206	114
M238	5	236	96	244	158	222	112	182	156	224	120
E501	6	220	96	244	146	222	90	178	142	206	104
E501	6	220	96	244	158	222	110	234	158	222	130
E502	6	222	92	242	158	240	92	178	152	216	104
E502	6	244	96	248	160	242	106	178	154	220	104
E503	6	246	94	244	158	234	94	178	150	206	104
E503	6	246	94	244	158	242	94	182	158	216	114
E505	6	218	94	234	158	222	90	182	156	206	104
E505	6	240	94	234	158	242	112	182	158	220	104
E508	6	204	92	242	152	222	94	178	142	220	104
E508	6	246	98	246	156	228	112	178	154	220	104
E511	6	218	96	244	146	222	90	178	142	206	104
E511	6	246	98	248	154	222	108	182	156	216	104
E512	6	204	94	246	158	222	94	182	158	206	118
E512	6	240	98	250	158	228	112	234	160	220	130
E515	6	204	94	246	158	228	90	178	152	206	104
E515	6	204	98	250	158	228	90	178	158	206	120
E516	6	204	88	248	154	218	90	176	142	216	104
E516	6	218	92	250	158	224	90	178	158	216	104
E517	6	204	96	246	158	222	94	182	160	218	118
E517	6	244	98	250	158	228	112	234	160	220	130
E518	6	240	92	244	146	220	94	200	150	216	114
E518	6	260	96	244	154	240	108	234	158	216	120
E522	6	240	92	244	146	222	110	178	150	216	120
E522	6	240	92	248	146	222	114	200	152	220	120
E526	6	238	92	244	156	224	90	184	142	216	104
E526	6	272	94	248	158	234	108	234	150	224	120
E528	6	240	92	246	146	222	90	178	156	206	114
E528	6	240	92	248	154	222	94	200	158	220	120
E530	6	218	92	244	158	222	90	182	158	206	118
E530	6	240	96	250	158	222	94	182	158	218	126
E531	6	240	92	244	154	240	90	178	142	206	118
E531	6	246	92	248	158	242	94	182	156	216	118
E533	6	204	92	244	158	240	90	178	142	206	118
E533	6	240	92	250	158	242	94	182	156	216	118
E534	6	218	92	246	158	240	90	184	154	206	104
E534	6	244	92	250	158	242	90	184	158	220	120
E536	6	228	92	242	146	234	94	178	152	218	104
E536	6	246	106	250	150	242	94	186	158	220	114
E537	6	222	92	242	158	240	92	178	152	216	104
E537	6	244	96	248	160	242	106	178	154	220	104
